[gd_scene load_steps=7 format=2]

[ext_resource path="res://Framework/Classes/Segment/Segment.tscn" type="PackedScene" id=1]
[ext_resource path="res://Framework/Classes/Snake/Snake.gd" type="Script" id=2]
[ext_resource path="res://Resources/Sprites/snake_head.png" type="Texture" id=3]

[sub_resource type="BoxShape" id=5]
extents = Vector3( 0.5, 0.5, 0.5 )

[sub_resource type="BoxShape" id=4]

[sub_resource type="BoxShape" id=6]
extents = Vector3( 0.5, 0.5, 0.5 )

[node name="Snake" type="Spatial"]
script = ExtResource( 2 )

[node name="Head" type="KinematicBody" parent="."]
collision_layer = 2

[node name="CollisionShape" type="CollisionShape" parent="Head"]
transform = Transform( 0.707107, 0, 0.707107, 0, 1, 0, -0.707107, 0, 0.707107, 0, 0, 0 )
shape = SubResource( 5 )

[node name="Egg" type="CollisionShape" parent="Head"]
transform = Transform( 0.707107, 0, 0.707107, 0, 1, 0, -0.707107, 0, 0.707107, 0, 0.5, 0 )
shape = SubResource( 4 )
disabled = true

[node name="Sprite3D" type="Sprite3D" parent="Head"]
transform = Transform( 4, 0, 0, 0, 4, 0, 0, 0, 4, 0, 0, 0 )
offset = Vector2( 0, -4 )
billboard = 1
texture = ExtResource( 3 )
hframes = 4
vframes = 2

[node name="Pitch" type="Spatial" parent="Head"]
transform = Transform( 1, 0, 0, 0, 0.894467, 0.447135, 0, -0.447135, 0.894467, 0, 0, 0 )

[node name="Yaw" type="Spatial" parent="Head/Pitch"]

[node name="Camera" type="InterpolatedCamera" parent="Head/Pitch/Yaw"]
transform = Transform( 1, 0, 0, 0, 1, 0, 0, 0, 1, 0, 0, 40 )
projection = 1
current = true
size = 16.0
near = 0.01
far = 8192.0
target = NodePath("../../../..")

[node name="Area" type="Area" parent="Head"]
collision_mask = 5

[node name="CollisionShape" type="CollisionShape" parent="Head/Area"]
transform = Transform( 0.707107, 0, 0.707107, 0, 1, 0, -0.707107, 0, 0.707107, 0, 0, 0 )
shape = SubResource( 6 )

[node name="Segment" parent="." instance=ExtResource( 1 )]

[node name="Segment2" parent="." instance=ExtResource( 1 )]

[node name="Segment3" parent="." instance=ExtResource( 1 )]

[node name="Segment4" parent="." instance=ExtResource( 1 )]

[node name="Segment5" parent="." instance=ExtResource( 1 )]

[node name="Segment6" parent="." instance=ExtResource( 1 )]

[node name="Segment7" parent="." instance=ExtResource( 1 )]

[node name="Segment8" parent="." instance=ExtResource( 1 )]

[node name="Segment9" parent="." instance=ExtResource( 1 )]

[node name="Segment10" parent="." instance=ExtResource( 1 )]

[node name="Segment11" parent="." instance=ExtResource( 1 )]

[node name="Segment12" parent="." instance=ExtResource( 1 )]

[node name="Segment13" parent="." instance=ExtResource( 1 )]

[node name="Segment14" parent="." instance=ExtResource( 1 )]

[connection signal="body_entered" from="Head/Area" to="." method="_on_Area_body_entered"]
